242 239 231 88 42 24 220 218 207 140 114 96 186 177 166 
242 238 222 50 38 37 224 212 184 211 194 157 150 116 85 
116 64 25 230 224 203 197 179 146 56 135 150 178 150 107 
252 251 252 95 90 76 197 196 191 213 210 209 166 163 157 
181 152 125 69 53 46 199 203 203 130 106 88 136 144 158 
34 29 25 204 196 180 162 151 133 84 73 63 129 115 98 
228 228 225 80 49 23 206 188 165 133 100 70 184 152 112 
55 42 31 230 234 244 116 95 73 172 171 171 140 122 102 
214 206 191 77 78 74 174 162 142 198 187 168 140 126 106 
65 40 17 218 209 198 106 76 47 200 169 125 157 122 81 
34 29 25 204 196 180 162 151 133 84 73 63 129 115 98 
243 241 239 67 54 53 116 108 111 204 206 210 172 173 174 
244 244 246 88 78 62 188 185 179 136 124 110 169 163 152 
20 10 6 234 236 234 89 74 18 206 208 204 144 148 144 
244 246 245 39 35 30 192 186 174 113 105 93 160 152 137 
244 242 240 66 61 53 104 101 91 188 188 186 144 143 136 
38 31 22 178 165 148 106 92 75 200 189 174 173 136 94 
57 34 8 202 154 100 100 72 30 232 202 164 147 113 69 
133 73 20 232 227 206 178 156 132 65 40 16 180 126 67 
67 31 17 212 152 96 177 122 74 243 193 136 136 74 36 
35 17 8 196 143 102 100 68 42 240 223 189 141 106 81 
66 32 17 174 183 187 250 250 248 96 78 68 168 148 116 
22 5 4 251 252 252 214 188 151 120 70 56 176 142 101 
68 18 4 104 52 13 208 194 178 155 136 110 134 89 48 
42 27 18 216 197 160 114 72 38 175 114 51 172 148 113 
130 66 19 181 108 52 78 33 10 246 194 139 213 151 96 
41 27 14 240 236 221 139 65 9 212 176 109 176 124 49 
35 22 14 105 83 56 244 248 248 166 168 155 139 120 86 
31 16 4 104 60 22 242 232 204 198 174 131 165 123 69 
40 14 6 72 37 20 230 193 144 107 67 42 146 106 70 
76 47 17 193 218 233 175 166 148 130 92 46 143 122 90 
81 37 9 188 116 55 127 69 25 200 172 84 132 117 60 
46 28 23 195 199 214 78 58 54 146 136 139 110 97 99 
37 18 8 97 64 33 228 234 222 188 168 113 139 113 76 
40 15 7 71 40 23 154 101 60 104 68 44 207 174 146 
44 20 14 241 241 234 202 180 152 104 76 53 166 142 109 
237 221 151 68 48 27 189 181 171 200 171 90 160 141 107 
56 17 7 231 220 192 103 54 16 186 114 60 201 160 117 
46 21 13 243 231 218 120 84 62 206 186 167 161 139 121 
45 25 16 230 208 185 87 54 36 171 139 110 128 97 74 
51 38 34 192 190 189 12 50 104 64 138 194 120 108 105 
218 208 194 194 181 165 86 81 66 145 128 100 169 156 138 
233 221 207 130 106 82 208 192 174 57 46 38 179 160 140 
34 28 23 213 210 198 86 71 54 163 158 151 135 126 114 
208 196 184 171 162 148 90 78 63 125 112 90 148 137 118 
55 7 5 248 219 151 145 78 29 204 164 113 196 129 50 
230 227 218 166 126 91 200 195 188 106 73 48 172 161 149 
236 233 186 126 114 71 180 177 136 209 195 98 160 150 100 
55 35 22 248 236 205 134 100 55 210 192 154 182 162 130 
70 42 25 114 81 60 198 192 191 171 150 139 143 114 95 
222 221 219 90 67 48 116 108 94 178 174 171 149 141 134 
231 228 218 211 206 186 81 71 67 148 136 118 203 184 140 
252 252 251 35 26 18 184 180 174 143 114 79 180 162 136 
42 22 11 222 219 212 104 69 42 197 167 147 164 122 97 
248 247 241 41 35 28 128 102 75 190 175 153 158 136 110 
62 49 39 155 151 146 102 98 94 203 196 186 126 125 126 
247 236 205 55 40 24 122 93 54 205 182 140 172 150 109 
226 218 203 56 46 32 130 112 84 172 153 117 191 177 154 
226 232 233 134 86 51 32 41 45 202 202 197 160 146 133 
207 174 128 69 47 32 188 144 88 233 213 180 144 88 47 
157 130 70 196 170 113 171 144 86 56 42 12 132 106 52 
96 96 98 107 89 249 140 148 154 40 20 13 122 125 130 
244 240 237 51 38 41 178 164 159 109 93 83 144 132 126 
240 240 240 54 59 33 150 134 92 209 194 152 184 170 127 
35 26 18 78 61 27 196 208 214 144 155 158 106 110 109 
44 19 12 160 162 164 66 40 31 82 75 70 117 116 116 
40 6 5 218 220 214 174 150 127 78 47 42 135 110 92 
67 56 33 132 116 76 127 135 120 192 179 143 117 102 63 
224 218 206 48 44 30 192 176 139 128 110 80 163 144 111 
236 234 192 60 57 40 148 140 100 190 188 156 180 174 132 
196 188 155 110 96 52 234 230 211 170 160 116 144 130 84 
189 179 164 93 80 58 156 141 113 131 116 94 173 159 133 
216 213 209 82 69 56 183 176 171 131 113 102 160 148 140 
222 219 204 212 203 180 200 185 155 122 91 63 172 152 119 
38 33 25 235 228 199 131 118 91 186 182 161 72 64 51 
227 227 225 66 33 24 206 203 200 127 88 70 170 157 147 
239 235 241 213 183 158 114 66 36 226 208 196 192 143 102 
250 248 244 54 15 8 126 106 81 209 200 180 168 156 135 
238 239 234 21 16 14 215 214 207 98 94 87 160 158 150 
216 212 196 8 8 8 189 180 156 162 147 121 131 116 90 
20 13 11 230 230 226 75 40 28 129 98 73 180 156 124 
232 194 152 4 4 1 142 104 60 246 240 236 204 162 114 
58 45 44 97 89 83 163 163 144 125 113 101 143 139 124 
71 34 18 104 61 36 166 130 85 193 168 128 133 99 66 
232 236 238 61 45 40 96 84 79 186 186 189 135 129 125 
38 30 20 208 197 180 88 76 64 137 130 121 115 103 90 
235 234 229 218 217 214 85 76 69 199 186 170 165 129 98 
34 26 22 198 177 154 64 51 43 104 84 70 165 138 112 
239 227 214 205 184 166 106 76 54 157 118 84 184 156 129 
45 30 26 226 216 213 98 64 50 131 97 78 176 146 124 
252 252 251 81 73 62 165 178 178 8 107 138 129 138 137 
252 252 249 68 63 52 192 177 160 117 108 96 179 145 114 
249 244 218 163 136 96 202 180 140 83 62 39 123 100 72 
31 22 10 234 225 214 97 80 60 194 184 168 163 130 91 
236 238 244 54 36 19 126 116 104 203 205 209 166 164 162 
224 218 217 59 42 32 125 101 71 198 180 165 170 147 112 
44 42 41 196 193 190 164 162 158 115 114 109 142 142 138 
36 28 22 240 240 240 119 101 86 176 175 174 152 148 144 
66 54 39 194 193 186 104 91 68 159 156 142 137 125 97 
224 234 244 18 26 37 202 204 208 98 112 124 180 184 190 
251 252 252 128 85 51 208 210 214 174 170 167 153 142 133 
32 16 11 190 188 180 86 49 29 169 157 147 144 123 100 
218 210 201 85 51 37 201 190 177 125 98 80 176 162 147 
30 17 13 240 243 240 112 82 56 199 190 175 171 144 112 
207 208 214 196 190 183 116 107 101 182 173 165 166 152 141 
228 219 206 211 198 180 48 42 30 172 140 104 204 178 144 
42 22 9 89 66 38 139 131 114 198 200 188 114 98 74 
221 214 204 44 33 20 101 74 49 188 178 163 159 144 120 
238 238 234 52 26 20 120 76 56 206 197 186 167 124 97 
38 19 10 208 192 186 159 119 79 179 147 122 81 53 31 
93 59 22 236 233 211 193 172 126 155 134 96 130 92 44 
236 226 194 42 30 22 215 189 134 108 88 60 196 156 89 
38 42 44 207 183 154 70 120 144 104 92 83 171 143 119 
51 31 20 228 228 226 111 97 72 183 182 180 154 142 122 
72 29 23 200 189 170 114 89 65 159 137 118 142 117 90 
71 37 10 213 209 196 191 173 150 134 81 37 156 122 89 
226 232 239 74 42 26 202 182 168 142 98 72 183 148 119 
43 29 16 177 154 116 121 92 58 216 201 173 156 127 86 
34 22 16 243 225 192 169 106 52 183 165 148 164 142 118 
62 27 12 222 206 178 118 92 60 173 155 126 159 134 98 
52 33 18 234 229 222 159 108 64 120 79 46 228 153 74 
114 73 42 208 147 88 54 35 19 232 227 220 156 105 62 
25 20 13 72 54 35 181 155 123 140 117 90 112 89 63 
24 16 10 69 50 29 172 196 202 135 114 77 106 83 51 
123 89 62 228 198 134 148 128 111 70 45 29 133 108 86 
63 27 14 110 79 53 216 216 217 151 124 94 170 154 136 
62 38 17 234 226 216 133 100 68 179 150 121 160 126 93 
50 31 22 250 250 248 100 79 63 190 174 158 153 128 105 
221 205 192 44 30 28 199 182 167 94 61 48 170 136 106 
242 220 189 108 58 21 215 182 144 149 105 66 186 146 106 
37 23 18 204 193 192 169 151 146 87 68 62 136 110 101 
49 28 13 228 230 213 162 126 69 196 173 110 101 74 39 
49 35 29 192 178 162 85 56 41 171 145 121 120 93 71 
26 8 4 164 109 61 100 56 27 219 173 111 182 140 99 
49 31 21 232 232 227 106 71 50 190 153 119 155 106 71 
222 224 213 64 42 31 196 191 168 119 88 62 156 143 120 
68 34 28 228 235 233 208 190 159 106 70 52 170 145 116 
206 196 182 192 181 166 130 104 68 153 130 97 173 158 138 
203 188 181 53 36 30 181 165 155 96 74 65 152 127 112 
236 212 179 49 21 8 124 81 36 221 184 132 184 139 84 
242 242 242 57 38 24 123 100 78 182 219 226 148 131 110 
81 40 16 180 192 214 140 100 69 149 133 128 122 76 43 
30 9 5 178 146 109 100 69 46 199 170 133 143 111 82 
226 221 206 58 45 30 194 176 144 117 92 61 162 137 96 
231 228 232 218 204 196 198 146 99 146 142 138 220 180 136 
251 252 252 81 65 51 209 201 187 218 202 151 175 120 58 
124 101 59 218 214 205 181 166 142 154 133 92 80 54 28 
67 44 29 206 194 182 118 92 68 175 156 135 154 126 98 
207 211 216 58 33 30 184 180 184 134 112 105 160 149 148 
32 29 24 233 228 217 188 172 148 84 79 69 156 142 120 
22 10 6 77 49 27 201 189 173 151 126 98 120 93 65 
38 30 15 196 190 175 85 74 58 156 141 120 120 109 90 
53 32 22 208 214 224 178 172 171 100 81 64 154 138 116 
35 25 16 77 65 47 194 176 144 145 128 100 110 95 72 
210 195 171 64 47 31 194 174 140 132 102 68 176 152 114 
84 57 38 184 166 140 143 124 108 118 90 67 132 108 86 
36 26 17 232 234 237 129 104 77 191 172 150 175 150 120 
222 223 224 62 41 26 194 193 187 104 92 84 159 152 146 
58 23 9 176 138 96 100 48 21 212 184 153 138 89 49 
38 24 15 207 198 184 89 64 43 193 161 114 136 109 82 
241 238 229 52 39 32 211 196 162 101 91 76 143 132 116 
46 27 19 95 76 56 206 212 208 160 151 135 134 114 94 
199 198 187 56 34 19 132 105 74 204 188 148 180 153 108 
36 21 10 92 55 25 199 196 188 132 103 68 157 139 114 
54 32 23 192 158 122 112 80 60 232 220 197 150 109 77 
112 90 71 143 128 116 127 107 90 75 52 36 130 83 47 
240 218 190 81 36 9 116 76 43 211 177 140 176 138 100 
36 28 20 220 226 219 190 178 153 100 92 74 149 134 109 
66 42 27 196 214 180 99 87 65 130 120 95 146 153 131 
48 34 25 218 192 161 122 98 77 170 168 176 157 140 127 
37 17 9 70 38 23 114 71 48 169 138 112 137 101 74 
57 26 13 216 212 204 105 69 45 179 152 128 142 104 73 
21 4 1 86 32 5 178 136 73 232 213 133 133 88 49 
40 23 7 181 202 201 158 151 125 131 119 90 112 94 58 
44 15 7 182 159 128 116 74 39 192 176 155 179 140 79 
18 16 14 194 195 191 184 158 126 72 65 52 108 114 116 
40 12 4 102 64 34 178 158 127 190 180 165 171 136 76 
40 32 20 227 218 194 179 171 152 98 88 74 153 143 123 
212 210 195 139 111 74 169 146 114 193 170 133 157 130 93 
40 12 4 102 64 34 178 158 127 190 180 165 171 136 76 
64 36 23 207 190 168 176 152 124 110 86 67 138 116 95 
56 31 20 204 196 182 102 77 56 180 152 122 138 116 93 
48 26 14 144 112 70 116 84 48 145 185 198 150 128 99 
219 211 189 82 72 52 129 115 88 198 186 158 168 156 132 
57 50 40 230 234 232 105 91 70 177 171 160 149 138 123 
46 17 12 219 208 173 151 68 24 188 164 121 165 133 84 
40 24 20 93 64 44 216 200 178 156 134 112 123 93 68 
242 238 230 48 34 22 222 207 188 108 78 56 168 140 109 
237 223 182 82 51 29 136 110 83 209 191 152 167 147 122 
40 23 16 161 159 159 88 65 53 190 202 210 126 112 106 
48 42 44 120 84 61 129 148 186 73 80 101 118 120 140 
45 20 11 132 93 67 162 130 107 70 38 25 117 74 48 
67 47 30 224 212 193 128 99 73 182 170 157 155 132 106 
227 244 248 11 4 5 202 184 167 121 99 85 169 146 126 
54 50 44 215 212 204 96 98 94 160 159 155 127 119 107 
32 20 13 109 77 54 180 182 192 157 145 140 137 113 96 
32 28 21 194 182 161 159 130 89 171 150 116 126 102 73 
96 66 38 222 206 186 153 127 98 188 164 137 125 102 74 
221 209 173 110 81 44 186 158 106 205 186 139 159 129 81 
242 238 230 48 34 22 223 208 189 109 80 57 171 143 112 
48 29 19 204 233 204 78 55 36 104 94 72 134 143 126 
47 33 29 88 64 48 160 140 126 192 183 178 117 96 84 
32 24 12 100 82 58 184 206 220 156 146 132 136 117 92 
232 227 214 70 53 38 202 186 168 145 117 84 182 156 121 
236 234 224 135 101 63 194 170 128 206 192 167 171 138 92 
199 198 187 56 34 19 132 105 74 204 188 148 180 153 108 
46 29 20 107 80 57 169 159 146 143 130 117 122 107 94 
51 29 17 94 72 47 194 164 106 130 103 69 144 116 83 
64 37 23 172 157 149 102 75 58 129 101 83 151 123 104 
34 28 20 199 186 171 96 79 64 160 149 137 137 127 117 
66 60 52 178 175 172 106 96 85 156 151 144 129 121 112 
43 24 12 103 70 31 134 103 59 154 156 142 147 122 81 
19 6 4 195 190 193 102 51 33 168 158 159 139 122 119 
26 19 14 236 228 219 110 84 58 192 174 167 162 140 126 
240 228 192 100 78 54 222 194 133 164 138 99 188 173 149 
18 16 14 179 172 163 78 75 72 143 138 133 122 117 113 
132 112 78 175 164 143 44 36 27 97 78 49 152 136 110 
88 69 43 238 248 248 188 185 173 150 124 85 172 153 120 
42 37 32 244 246 244 98 89 79 134 125 114 176 170 161 
79 59 45 223 220 224 118 91 74 172 157 155 143 121 112 
224 213 193 120 103 74 197 182 154 179 159 123 143 126 96 
86 65 43 126 100 68 184 156 109 143 117 85 48 27 15 
64 45 27 147 120 88 115 91 63 200 173 142 174 143 108 
252 244 189 197 163 95 217 190 136 104 68 29 165 128 60 
219 210 202 22 14 10 190 180 173 79 67 58 153 140 132 
216 220 222 41 27 22 180 175 176 97 78 74 148 126 112 
86 57 41 227 228 230 197 184 172 138 114 96 174 154 136 
33 17 8 149 119 77 173 148 105 89 60 34 118 88 56 
48 20 6 244 231 186 121 78 37 207 172 128 162 117 70 
68 60 38 238 230 214 182 168 133 127 112 76 152 138 104 
26 17 7 248 244 228 199 196 178 136 123 84 177 161 124 
68 38 19 199 148 89 142 90 46 201 181 155 150 126 107 
128 114 92 211 202 188 181 164 134 91 80 56 145 132 113 
198 156 131 45 31 22 126 92 73 234 198 173 169 128 104 
55 21 12 209 192 179 107 75 53 179 152 130 158 125 94 
79 36 15 222 197 156 201 166 117 173 125 67 141 78 36 
12 8 4 220 212 192 172 157 138 96 76 58 140 126 110 
96 62 42 238 241 241 190 178 171 142 101 74 171 132 104 
48 25 13 196 182 163 105 57 22 139 110 76 167 146 122 
43 21 10 213 184 137 111 79 46 172 142 107 147 118 86 
48 32 18 240 236 226 182 163 140 144 125 96 169 150 122 
39 21 13 74 48 33 196 180 158 109 90 75 152 130 109 
213 204 188 74 67 59 170 156 137 116 105 95 139 124 111 
61 22 12 232 218 203 94 58 41 136 100 84 158 126 114 
178 192 225 45 38 35 137 144 174 106 94 90 157 131 109 
250 248 244 51 18 12 122 106 87 207 200 184 166 156 140 
43 26 15 97 65 35 224 222 184 184 158 99 145 110 65 
31 20 12 109 77 53 180 182 192 157 145 140 137 112 95 
51 32 22 196 179 152 92 71 54 131 108 84 155 136 117 
85 52 32 246 242 232 189 161 122 134 99 62 170 135 88 
55 21 12 209 192 179 107 75 53 179 152 130 158 125 94 
18 4 2 84 52 29 175 139 96 228 214 197 134 96 57 
68 46 36 251 252 252 195 170 148 124 97 80 151 126 109 
28 32 38 109 88 64 129 110 88 175 172 164 129 127 120 
250 252 254 54 19 11 132 82 50 188 187 185 157 143 132 
141 104 49 185 159 110 210 190 149 85 53 16 164 132 80 
238 234 189 156 146 98 184 181 147 124 111 72 176 170 127 
248 249 246 72 57 68 185 180 170 122 112 105 157 149 138 
37 22 12 148 133 109 130 106 74 174 170 161 113 80 39 
204 164 128 134 90 48 237 202 161 32 26 12 175 136 102 
34 20 11 107 76 44 141 128 108 160 164 161 124 102 76 
68 48 22 228 178 87 142 126 85 165 162 147 124 102 56 
40 37 36 236 241 242 107 96 84 194 193 190 175 165 148 
55 33 17 118 92 61 202 190 165 170 139 98 146 119 84 
60 24 12 208 198 183 109 82 56 182 162 127 156 127 84 
44 24 15 116 84 55 147 156 186 153 120 86 139 135 148 
24 21 14 232 224 204 93 82 57 176 155 128 153 124 87 
35 28 21 82 78 67 217 209 193 140 132 118 104 100 87 
44 22 12 72 51 32 175 148 118 91 77 55 115 97 80 
67 42 25 194 163 127 110 77 49 228 212 194 150 119 86 
44 18 8 224 230 216 84 54 31 176 170 148 131 108 84 
80 52 30 210 194 182 133 91 54 158 150 151 140 121 102 
59 21 6 252 250 248 139 76 24 227 192 112 196 142 61 
232 218 200 81 38 20 156 93 54 209 182 154 189 149 110 
82 37 20 240 232 220 192 161 141 120 64 41 159 119 94 
75 60 50 210 208 198 175 163 147 129 108 87 150 138 122 
83 52 24 225 219 192 135 96 49 169 167 159 146 127 96 
56 23 4 254 252 247 121 76 17 204 168 99 174 135 62 
56 36 22 208 196 188 186 157 125 100 75 57 148 122 102 
222 210 187 88 36 14 209 187 151 146 116 77 176 149 115 
58 37 24 196 184 161 208 202 185 102 79 60 152 132 108 
67 39 27 208 200 188 178 166 146 105 74 56 155 114 85 
6 4 2 70 47 39 167 151 155 116 88 78 149 127 126 
99 56 30 140 107 74 224 220 215 186 166 139 168 143 113 
48 24 20 93 65 48 193 200 198 144 117 96 133 98 71 
49 26 9 85 60 30 191 180 148 144 124 86 114 92 59 
48 33 30 205 202 198 184 177 166 110 92 76 156 142 125 
62 32 17 210 184 144 92 64 45 127 104 79 157 136 112 
68 32 13 244 218 174 134 88 44 191 154 113 167 120 70 
95 50 28 232 240 238 128 85 58 191 161 137 159 119 92 
54 35 19 92 61 32 176 164 120 148 125 88 128 97 58 
45 22 10 83 50 25 180 170 150 142 114 87 117 82 50 
47 16 6 220 212 189 153 112 59 199 180 144 181 149 95 
74 37 24 198 186 163 122 96 62 176 161 135 150 127 92 
40 29 22 86 63 49 231 232 231 203 197 192 142 119 100 
74 37 22 118 70 48 174 171 153 147 94 70 151 130 112 
54 30 14 85 53 34 121 84 61 167 155 157 146 118 97 
43 37 34 229 230 230 112 93 78 200 196 180 161 152 136 
52 42 24 226 230 232 121 106 78 188 176 162 157 145 126 
32 25 25 160 151 133 198 192 175 76 65 57 116 109 96 
62 39 22 128 140 148 94 79 62 193 190 174 133 121 98 
66 33 20 222 204 172 121 84 56 182 157 130 155 124 96 
31 15 7 64 48 34 189 178 153 129 111 89 172 158 135 
226 209 192 79 37 19 193 161 137 130 96 73 161 132 116 
95 51 27 235 230 218 134 94 56 189 167 135 170 136 97 
36 27 20 84 63 41 193 186 176 164 142 107 134 106 66 
39 18 6 82 50 24 232 210 183 146 110 74 113 79 47 
53 36 22 211 214 201 114 97 63 173 171 150 147 136 98 
17 11 7 213 198 156 64 46 30 174 152 109 132 98 59 
224 203 172 76 37 14 201 172 129 114 76 42 175 138 88 
222 193 156 116 95 73 88 64 43 188 162 129 154 130 102 
210 194 184 72 50 33 128 96 69 191 164 138 164 134 108 
36 28 14 212 198 165 176 163 130 114 91 47 158 140 100 
224 201 159 60 29 16 199 171 126 107 78 51 176 144 96 
73 48 24 244 229 206 202 186 165 138 103 68 171 146 119 
232 215 196 77 38 22 213 186 157 129 72 42 179 143 109 
84 49 33 172 151 132 53 16 6 114 80 61 141 112 91 
45 20 18 214 201 193 164 140 122 88 67 62 136 112 95 
251 243 157 85 33 22 205 144 92 127 66 44 229 189 123 
42 23 19 242 227 203 109 75 55 200 166 129 157 116 86 
14 7 5 175 143 102 103 69 38 199 176 144 138 102 66 
65 39 16 112 83 44 216 201 152 175 155 108 137 111 68 
32 17 13 210 198 178 89 74 56 183 167 139 150 131 104 
52 32 16 244 234 211 112 82 57 214 190 155 172 142 107 
91 37 12 202 179 156 152 79 33 227 209 189 186 131 88 
70 65 58 207 205 200 114 104 87 162 158 150 135 132 123 
35 24 16 91 67 46 212 193 167 158 130 102 135 105 75 
49 36 24 232 240 239 118 88 55 170 153 132 152 124 89 
71 19 6 239 230 209 213 194 155 158 127 81 190 164 121 
26 13 6 75 52 37 208 201 195 120 94 77 150 130 114 
64 26 19 103 59 41 155 120 116 196 164 166 128 90 79 
232 224 216 79 44 28 210 201 190 115 97 83 183 162 138 
82 55 41 207 203 197 120 92 78 156 152 155 138 126 120 
34 26 18 69 55 42 246 228 184 158 130 104 116 92 70 
65 37 12 96 64 28 205 186 136 159 133 86 127 98 56 
27 16 10 98 74 50 204 194 180 176 143 104 138 106 73 
46 23 7 96 68 35 190 169 128 157 139 109 138 109 64 
45 18 6 134 98 56 88 58 30 180 166 148 155 128 93 
20 8 4 84 63 51 182 169 158 151 135 122 118 100 90 
20 8 4 84 63 51 182 169 158 151 135 122 118 100 90 
51 30 18 99 72 51 206 196 186 171 143 111 129 102 78 
42 28 21 225 223 218 168 132 85 178 179 181 92 70 56 
74 33 20 237 213 186 125 78 54 196 151 125 162 115 92 
211 175 128 110 70 30 176 136 87 238 237 214 149 110 67 
34 12 6 67 31 16 168 149 133 108 84 67 146 122 103 
223 224 228 36 31 26 204 194 184 108 97 83 169 149 127 
24 8 7 232 214 187 110 100 93 187 190 198 168 162 159 
57 32 25 234 232 224 184 176 164 97 52 42 132 109 98 
215 194 146 184 137 62 144 73 22 219 213 189 208 176 96 
22 16 17 59 40 36 175 153 129 139 108 80 105 75 58 
58 24 12 254 252 250 210 196 179 105 72 51 152 126 99 
30 6 20 250 250 248 200 188 184 88 60 64 169 138 123 
212 206 176 58 38 29 110 84 66 179 163 134 149 125 98 
207 196 181 106 78 47 153 120 83 198 177 145 181 154 119 
31 15 10 78 38 22 190 155 126 106 71 54 139 107 86 
35 20 16 224 204 173 97 80 64 164 160 159 150 132 112 
54 18 6 210 176 138 98 58 35 145 103 70 167 126 91 
42 28 24 218 206 191 174 172 175 98 84 73 147 135 124 
82 64 51 240 224 190 196 168 140 57 36 26 128 102 82 
53 28 13 112 80 51 252 252 251 207 200 190 163 139 113 
52 24 15 206 187 162 176 150 124 91 58 40 134 101 73 
227 219 212 68 57 46 118 100 80 185 173 158 158 142 119 
210 218 224 183 188 195 172 168 162 101 94 82 145 141 131 
92 49 32 212 197 185 114 76 57 170 146 123 146 113 89 
85 69 52 107 91 73 184 162 139 39 20 13 136 119 101 
