227 225 220 210 207 202 86 74 66 154 138 124 183 173 163 
223 221 216 16 16 16 66 64 61 172 171 171 147 128 116 
208 207 206 46 44 41 80 78 77 188 186 182 142 138 133 
78 66 46 182 193 194 143 141 130 182 158 116 112 104 88 
249 248 248 104 92 75 218 218 219 154 148 143 193 192 192 
146 126 72 232 221 202 170 164 109 66 62 26 115 95 50 
208 206 205 16 16 18 181 180 178 96 94 93 152 148 142 
50 22 20 200 185 146 73 70 64 146 141 127 120 115 104 
43 32 19 85 65 38 224 222 203 170 143 113 126 102 70 
69 22 11 35 41 38 210 210 216 124 90 69 168 162 167 
54 38 27 237 248 250 93 86 79 186 184 183 141 135 131 
60 27 9 96 55 24 240 218 180 183 118 50 124 90 68 
65 20 11 38 45 42 210 210 216 124 89 67 168 162 167 
79 71 63 228 228 230 99 95 90 181 181 179 137 134 130 
215 217 218 182 182 181 134 135 134 92 97 98 157 155 151 
213 224 233 29 29 31 190 199 197 63 65 71 151 158 153 
56 45 40 205 202 196 110 99 83 166 146 106 178 172 159 
36 19 13 103 33 14 85 76 77 159 90 44 171 153 134 
61 47 31 150 156 154 193 202 213 87 80 68 116 117 110 
246 232 207 29 30 28 196 182 157 118 104 92 160 144 125 
232 233 230 32 30 28 78 67 61 182 174 164 137 117 101 
202 209 213 170 71 42 195 175 155 79 64 55 122 122 123 
220 214 196 28 16 10 188 177 149 91 79 63 166 150 118 
220 220 216 85 93 91 188 183 176 162 154 143 133 131 125 
33 30 30 202 207 212 146 110 82 60 59 60 164 154 139 
20 17 16 216 208 207 188 168 148 80 70 63 132 116 103 
24 22 22 216 214 206 170 163 154 75 69 62 128 119 106 
12 8 4 224 216 198 183 177 161 100 94 77 143 135 116 
215 153 92 25 11 5 95 54 14 233 197 156 153 102 55 
249 250 250 65 64 61 198 199 198 172 172 166 122 121 119 
226 226 227 84 67 58 141 135 129 195 194 195 170 169 168 
236 230 211 77 66 62 170 168 159 210 176 88 188 188 182 
238 236 218 105 90 73 191 180 148 167 152 118 140 125 95 
166 111 47 184 148 121 202 200 199 60 27 11 139 118 100 
203 205 204 70 68 61 119 118 110 180 180 177 152 151 144 
96 57 32 230 229 225 189 186 181 140 95 59 157 144 132 
219 222 214 174 187 189 82 92 100 156 159 153 126 135 133 
251 252 252 133 131 130 198 199 199 78 72 71 172 169 166 
208 205 203 138 110 85 190 180 165 60 52 46 166 153 134 
64 26 18 116 85 42 220 226 223 165 149 122 151 122 81 
214 215 215 59 56 56 191 189 188 128 119 115 161 158 158 
43 20 4 231 201 167 80 44 16 187 149 103 127 90 56 
44 23 14 167 132 114 90 45 26 218 172 128 136 96 75 
222 214 202 40 30 20 184 171 159 130 111 88 162 148 131 
216 221 223 56 55 52 96 94 87 156 158 154 124 123 116 
78 59 41 236 236 230 122 98 72 209 184 145 165 140 109 
92 84 64 228 228 227 193 174 144 65 56 42 142 127 100 
102 52 12 182 181 170 202 201 192 145 84 27 155 145 127 
37 23 20 210 200 192 178 157 140 75 57 52 125 102 88 
78 34 19 210 200 192 172 154 136 104 74 60 153 118 88 
104 55 21 214 212 198 149 96 57 175 167 143 160 146 108 
64 38 26 167 143 114 111 54 30 197 183 157 128 97 74 
82 43 21 229 221 220 120 88 70 232 130 47 164 151 148 
28 6 3 77 32 15 221 198 180 112 70 52 166 120 88 
174 156 137 221 169 108 202 198 196 91 70 57 180 128 60 
229 225 218 87 48 26 211 201 184 146 100 57 180 166 144 
252 242 211 70 34 24 226 207 194 196 172 148 124 84 65 
250 252 254 76 64 59 189 192 166 124 100 72 150 141 110 
248 226 178 74 27 9 222 186 124 122 72 34 174 139 92 
29 12 8 252 252 251 182 170 152 82 62 45 139 113 83 
38 15 7 183 181 170 74 62 49 128 120 99 153 149 133 
244 242 232 72 63 59 203 200 186 129 118 98 164 161 150 
220 224 208 139 140 104 196 196 169 84 80 51 172 172 138 
194 201 212 75 74 68 178 177 177 146 126 99 161 156 148 
25 11 2 68 28 8 244 212 162 118 64 26 179 127 74 
62 37 15 251 252 252 130 121 104 194 189 182 166 157 145 
66 42 27 219 221 213 176 173 166 104 85 72 132 128 124 
250 249 210 48 40 26 111 99 70 189 180 143 146 136 103 
207 218 220 115 114 106 75 78 78 201 192 176 156 149 132 
116 80 51 204 205 217 128 110 102 63 48 42 158 145 145 
77 55 33 110 86 58 192 180 155 139 130 118 125 106 79 
219 208 188 61 54 32 195 182 152 165 151 113 127 113 71 
23 21 16 227 232 232 119 74 28 177 174 164 164 124 79 
250 237 220 78 56 40 168 96 56 233 210 184 193 162 134 
