229 228 224 208 202 186 77 64 49 176 146 113 196 175 147 
246 248 237 88 70 55 213 206 188 191 180 159 148 125 104 
240 236 216 92 70 42 201 187 158 175 156 121 142 120 84 
62 45 35 164 145 124 244 244 246 119 94 72 175 171 174 
222 229 232 108 93 80 191 192 192 149 144 138 166 164 162 
246 248 248 41 37 36 109 98 96 184 186 185 153 150 144 
229 225 225 41 36 33 114 92 69 198 191 190 160 148 139 
240 242 244 38 33 28 120 116 113 182 182 183 156 153 151 
123 99 69 205 201 193 47 39 25 75 116 148 171 156 138 
244 244 246 81 67 51 210 203 187 159 142 109 192 182 158 
245 245 245 84 82 80 176 132 80 198 197 195 169 168 165 
114 65 33 10 92 114 189 171 151 162 139 115 155 118 78 
224 212 178 62 78 74 189 167 98 194 183 134 129 124 91 
250 250 250 47 37 34 188 184 178 121 112 100 158 151 143 
29 14 6 252 249 213 138 97 55 217 185 128 184 148 94 
59 34 23 184 154 132 95 76 69 201 188 187 153 114 83 
216 220 226 81 68 54 197 193 178 142 118 100 170 160 141 
240 240 240 52 37 24 111 84 57 163 201 211 146 126 105 
52 24 13 102 62 28 220 208 184 175 156 131 132 103 70 
243 225 192 59 33 17 97 65 41 218 195 152 167 126 81 
55 23 8 233 229 211 129 78 37 206 195 170 160 135 104 
58 22 18 238 238 238 116 64 38 188 169 152 160 114 79 
52 38 24 234 232 224 140 112 66 200 182 148 175 151 105 
207 208 210 50 38 33 102 96 93 148 141 137 190 189 190 
59 40 24 209 202 188 101 77 54 161 153 139 126 118 109 
164 172 179 55 47 38 222 190 144 108 95 81 152 138 121 
226 223 224 63 54 52 198 192 190 130 119 112 181 167 152 
23 20 11 248 250 244 206 201 163 110 101 63 182 174 131 
246 246 244 64 43 32 218 209 192 147 104 76 189 167 142 
221 210 193 50 40 28 192 174 146 131 98 68 166 141 108 
32 20 16 95 44 18 220 198 179 121 90 61 153 116 87 
218 216 211 199 181 168 77 53 38 144 116 95 174 151 136 
33 22 16 220 212 196 86 85 79 153 148 137 123 122 116 
52 32 26 171 172 168 166 60 104 108 94 84 152 144 136 
80 60 44 246 252 252 118 95 84 174 168 158 149 132 125 
234 232 226 93 73 50 205 203 188 148 132 105 184 180 154 
66 23 32 254 252 250 116 102 82 148 144 122 173 182 168 
108 74 36 175 155 124 156 134 94 204 188 158 139 112 72 
221 211 185 74 43 26 200 186 156 146 123 87 181 164 130 
218 210 198 49 44 32 106 92 75 169 152 122 187 176 159 
239 215 163 18 16 14 205 175 125 114 77 49 167 130 87 
219 203 185 34 14 8 201 180 154 125 93 60 180 153 115 
66 53 40 199 196 190 91 83 75 130 122 111 162 152 138 
52 15 8 184 173 152 200 210 213 119 80 35 168 147 104 
240 238 234 49 30 18 213 203 191 141 107 74 194 176 156 
28 16 10 235 232 246 105 78 64 162 141 150 143 117 114 
31 28 20 201 196 177 79 72 54 176 172 153 143 137 118 
75 60 42 200 197 207 121 101 82 178 168 171 162 144 128 
56 42 32 214 212 210 142 121 102 184 182 179 172 158 142 
50 42 37 214 201 195 101 81 71 175 154 144 151 123 108 
75 50 32 228 240 246 197 177 165 126 100 83 169 145 132 
190 175 135 71 44 18 226 212 142 159 125 77 206 214 205 
242 235 206 180 156 137 76 63 60 180 184 200 136 115 106 
216 203 182 88 58 39 195 178 154 114 98 81 169 149 125 
224 204 162 41 14 18 201 164 107 108 54 30 185 137 72 
213 235 244 35 31 32 175 170 166 114 93 70 161 140 117 
224 204 162 41 14 18 201 164 107 108 54 30 185 137 72 
26 10 6 72 47 39 173 147 128 154 118 96 134 92 66 
24 20 17 246 248 249 192 175 154 59 49 44 162 140 113 
47 49 26 212 220 214 181 181 161 115 124 98 174 150 106 
24 16 11 94 80 60 170 172 186 150 142 141 133 111 94 
33 29 27 252 252 251 111 97 82 196 189 184 137 128 120 
50 42 34 96 88 73 172 160 140 136 126 109 155 143 124 
19 8 10 194 192 195 160 155 158 89 68 60 140 128 124 
32 28 22 225 224 218 186 176 158 101 88 73 149 134 111 
202 194 179 40 31 26 185 164 140 98 84 72 161 133 109 
48 26 18 142 124 100 105 74 52 195 190 182 176 164 144 
236 232 230 46 43 37 112 100 92 210 203 197 170 155 141 
242 238 233 38 24 16 202 187 166 102 80 61 169 139 89 
42 28 30 202 201 207 112 88 82 169 161 168 152 129 122 
218 214 212 203 192 181 52 52 53 139 124 109 189 168 148 
31 17 9 189 156 145 199 191 211 108 68 46 158 118 97 
239 232 213 82 58 40 206 186 148 156 126 87 182 156 115 
46 30 25 81 60 40 197 178 146 154 138 119 130 108 81 
220 209 190 64 54 44 193 174 146 131 111 88 161 143 120 
44 32 22 214 213 209 110 95 83 182 175 160 138 129 118 
38 21 11 104 63 31 177 179 189 145 115 94 136 95 61 
34 20 14 203 116 65 82 62 47 180 164 164 141 110 95 
39 16 12 157 150 156 98 79 71 148 127 118 138 110 90 
18 14 12 190 195 205 155 151 153 71 63 58 124 111 105 
87 59 36 239 238 225 199 187 160 129 108 80 159 146 121 
252 252 251 86 77 66 128 120 110 199 199 192 160 154 147 
16 16 14 188 187 187 124 102 80 162 151 139 146 128 107 
99 76 52 150 152 157 214 194 148 133 110 83 138 127 116 
25 22 20 202 196 185 167 155 137 80 72 70 124 113 103 
84 41 14 216 220 222 133 96 52 194 162 119 159 127 87 
50 23 12 204 173 124 104 70 38 135 104 69 165 129 87 
67 43 32 190 174 177 130 76 53 151 115 102 165 135 126 
55 34 22 126 91 68 173 160 159 156 132 120 188 184 192 
33 27 28 182 170 167 154 142 143 101 84 81 131 115 111 
16 10 6 173 152 137 100 73 54 200 186 172 154 122 98 
15 10 7 199 190 176 63 52 43 167 155 140 125 108 87 
68 48 35 208 219 225 125 89 63 170 148 130 152 125 104 
32 27 19 208 208 216 150 132 106 98 87 72 185 174 161 
40 34 30 189 168 152 149 132 122 192 200 211 108 95 88 
242 240 234 82 44 29 203 189 186 147 104 66 178 152 133 
66 43 24 120 100 77 201 198 190 176 165 149 151 133 108 
34 26 23 192 179 175 116 88 74 174 152 134 139 111 98 
14 12 10 215 203 192 181 167 153 74 62 49 133 118 102 
214 208 193 32 29 26 62 61 57 186 180 162 150 126 104 
32 22 15 210 198 186 80 58 42 166 140 112 130 105 81 
20 13 7 61 39 18 178 188 171 110 69 34 155 132 92 
60 33 21 239 228 228 166 134 114 186 159 145 198 176 168 
205 204 225 40 31 30 102 78 68 155 145 164 128 108 110 
240 241 236 33 30 22 195 194 185 81 76 64 152 148 134 
220 204 194 34 18 5 184 154 131 124 86 53 154 116 80 
228 216 214 28 20 16 190 175 169 108 84 68 188 150 99 
206 200 181 34 23 14 98 69 44 189 166 128 150 126 94 
208 165 110 175 116 52 52 38 33 215 212 207 168 143 115 
8 4 4 166 146 129 124 102 87 144 126 112 161 168 171 
46 35 23 214 212 204 99 74 40 183 176 153 138 128 103 
217 214 216 67 55 57 192 181 180 126 94 84 160 134 123 
67 51 39 194 193 188 113 74 59 152 141 132 128 111 100 
211 234 244 18 14 12 90 74 64 156 160 164 118 103 95 
54 40 28 216 230 240 105 86 68 168 164 162 134 119 106 
19 13 11 62 45 30 178 168 154 144 130 113 110 81 56 
29 11 7 198 189 190 178 159 148 108 77 59 164 131 105 
60 49 43 150 141 139 113 91 72 166 174 182 134 121 110 
45 22 16 220 218 230 115 91 76 172 152 145 150 126 115 
51 41 30 199 188 170 106 92 75 172 158 142 148 130 107 
210 197 173 50 37 25 113 84 57 192 173 139 163 136 102 
54 36 31 191 153 123 104 78 66 140 107 91 167 132 112 
244 240 244 210 195 187 63 48 43 140 116 108 192 170 151 
35 23 16 194 204 212 90 76 57 173 170 159 144 134 115 
12 8 6 217 199 171 76 59 59 170 157 149 137 111 90 
238 233 222 67 57 46 198 185 165 111 96 80 157 144 121 
221 219 210 93 72 44 196 187 168 29 205 228 158 136 106 
34 22 18 202 187 173 97 80 68 152 145 134 130 117 100 
8 4 4 223 212 209 84 63 53 185 164 159 152 127 119 
26 19 16 200 192 182 168 155 143 68 58 56 130 112 98 
55 32 28 131 88 63 183 182 191 160 154 160 144 120 107 
13 10 8 175 174 175 105 84 65 150 138 126 136 116 94 
44 43 38 158 153 146 98 89 78 186 189 191 135 123 108 
30 26 21 153 148 129 84 77 62 188 200 196 128 128 114 
34 20 15 188 180 182 100 76 69 160 124 100 177 156 147 
228 228 236 72 62 56 193 191 205 134 122 115 165 158 163 
219 207 178 82 65 47 199 183 150 142 119 84 176 155 119 
241 233 212 25 18 18 88 61 40 166 153 136 131 114 98 
244 248 250 45 28 18 98 82 67 169 171 178 153 141 130 
217 217 214 137 106 61 85 61 30 205 193 172 173 154 118 
216 222 219 26 20 19 95 92 79 175 177 170 141 138 124 
30 22 16 172 148 121 114 88 65 193 177 155 150 122 94 
50 36 23 254 252 248 110 94 54 200 193 154 161 151 104 
55 28 11 115 82 50 250 248 250 188 171 152 158 137 110 
58 49 36 245 231 183 132 108 73 192 172 133 169 143 99 
25 14 8 116 86 60 175 156 136 142 114 87 148 131 116 
67 34 20 253 252 248 130 93 64 204 185 158 160 128 96 
33 27 26 202 197 182 92 72 64 153 149 158 124 110 107 
30 24 17 218 215 204 172 162 150 104 85 64 147 127 101 
46 38 34 186 175 161 92 79 71 169 153 135 140 120 99 
38 15 7 77 42 24 178 164 151 119 93 69 152 133 110 
48 36 26 235 232 226 192 179 161 129 112 89 166 148 121 
46 26 26 184 184 197 88 68 75 152 148 158 123 108 106 
50 42 30 232 230 215 122 103 72 206 198 172 175 158 120 
25 17 13 223 216 208 67 53 42 180 170 161 141 119 94 
90 61 42 217 206 198 139 114 86 188 168 147 174 149 120 
48 23 11 240 240 240 119 82 58 192 168 144 176 140 104 
28 16 6 83 58 33 212 194 167 168 144 108 124 98 64 
234 219 206 78 57 44 181 160 148 130 99 78 160 130 109 
46 40 32 210 214 213 86 79 68 176 176 169 134 130 118 
58 46 32 231 235 232 131 101 65 194 181 157 164 140 107 
42 39 27 251 252 252 81 76 58 158 169 167 125 127 118 
162 166 176 40 40 39 243 232 188 172 194 230 145 134 125 
35 22 16 240 245 248 107 90 77 182 180 180 161 152 146 
98 52 12 180 143 96 206 214 220 207 185 160 161 114 60 
24 14 8 230 203 169 97 67 40 176 144 108 143 111 78 
61 54 47 32 53 126 97 90 80 156 148 133 128 119 106 
216 206 200 32 24 24 182 172 168 119 104 92 158 143 134 
31 16 11 167 159 160 89 52 39 129 89 63 148 127 110 
36 24 18 202 204 205 101 90 81 164 159 154 144 129 112 
46 33 25 98 65 43 182 172 164 126 101 80 163 144 128 
34 22 6 83 61 35 173 192 200 145 141 132 120 104 85 
226 218 216 26 17 16 206 182 172 96 70 62 180 138 111 
228 224 225 28 24 20 190 182 176 110 102 95 156 144 134 
42 26 16 196 180 154 93 68 46 154 133 106 131 98 63 
30 21 16 216 200 174 116 97 79 155 147 146 137 121 112 
64 38 22 130 93 57 230 231 232 174 158 149 152 124 98 
33 22 19 232 226 232 98 81 74 160 148 152 136 122 122 
57 38 22 164 153 142 200 202 200 128 101 74 151 132 112 
232 232 237 38 30 30 110 80 64 204 194 197 172 156 150 
16 14 10 212 205 198 75 70 59 184 157 122 136 110 81 
34 24 18 73 54 41 201 186 173 131 108 88 100 80 65 
9 6 4 82 64 44 197 182 150 151 133 103 129 104 72 
214 197 180 62 44 32 125 98 75 184 164 146 150 127 105 
233 219 203 211 186 160 58 49 41 140 110 82 184 153 120 
36 27 23 214 205 192 96 80 72 145 140 147 116 104 104 
28 30 19 246 244 237 84 75 59 178 164 144 138 121 96 
36 27 20 212 193 175 86 67 56 167 140 124 143 108 84 
196 184 177 24 20 17 164 153 151 85 74 70 144 124 106 
16 10 8 209 210 208 112 87 63 171 162 151 151 130 104 
221 212 193 25 22 16 184 166 140 92 81 69 159 138 109 
72 56 48 192 183 182 129 108 93 171 158 151 154 137 128 
160 134 107 62 40 45 108 93 76 208 174 124 162 152 144 
203 196 215 70 49 54 113 89 101 176 162 179 152 133 143 
54 28 21 208 194 180 120 90 72 182 160 136 160 129 95 
46 30 15 189 180 158 89 76 58 170 156 124 134 120 93 
244 236 217 79 64 45 192 185 175 125 107 84 157 140 122 
38 29 19 83 65 42 222 184 118 120 97 65 145 127 103 
54 35 23 245 248 254 101 76 67 159 155 174 149 132 128 
174 131 90 41 27 18 126 84 55 219 189 148 194 155 110 
65 31 12 166 152 146 132 106 85 186 188 208 150 127 109 
42 24 19 236 219 166 94 48 38 149 96 69 172 128 100 
237 242 246 50 63 56 157 155 156 123 118 114 196 198 200 
44 30 20 218 234 234 119 97 65 158 144 108 174 179 168 
60 46 36 216 216 211 113 96 67 183 176 152 154 143 116 
76 42 20 138 99 61 220 218 210 174 187 186 159 142 120 
46 24 23 108 69 49 182 172 166 156 138 131 140 105 85 
32 28 24 206 200 198 151 138 132 85 73 66 112 100 95 
212 197 166 191 168 130 110 88 58 181 200 209 168 143 108 
16 10 8 184 161 136 209 201 194 84 62 56 134 105 84 
221 206 189 193 135 76 199 174 145 96 70 47 141 134 118 
76 46 27 220 198 162 127 90 60 182 150 116 170 130 85 
32 22 13 222 205 174 114 80 62 162 143 136 142 112 99 
247 244 232 109 70 53 198 184 179 157 127 101 179 158 142 
36 24 20 90 70 53 173 170 169 124 98 76 138 124 114 
48 40 37 163 177 200 97 82 72 116 112 110 133 138 148 
51 29 22 229 220 209 198 176 157 107 67 46 151 115 90 
51 36 25 216 207 194 112 88 66 183 165 146 151 127 102 
28 24 20 182 190 188 103 80 57 148 155 154 124 124 119 
228 236 244 68 56 49 111 100 92 178 174 173 148 140 134 
186 150 127 74 46 36 142 103 80 217 212 201 218 168 124 
30 18 12 164 150 141 100 82 61 205 191 174 137 120 103 
21 18 16 202 208 212 96 74 61 181 175 172 148 125 110 
223 202 167 42 28 26 170 178 190 130 104 80 152 140 133 
49 28 20 228 224 216 116 84 66 168 154 148 145 122 108 
241 224 219 232 201 184 64 42 41 143 84 86 210 161 141 
38 24 19 240 234 230 197 184 176 119 103 92 171 155 144 
28 13 8 203 192 174 90 68 47 176 154 128 140 114 87 
19 10 8 204 181 173 82 52 40 153 108 82 175 140 120 
27 16 13 205 142 98 182 189 197 69 58 49 144 130 124 
90 51 22 235 233 231 129 88 60 192 171 152 159 131 105 
50 30 23 182 157 152 196 191 201 117 73 54 176 131 106 
44 38 28 199 189 164 86 73 55 167 156 134 128 114 92 
218 206 180 56 53 44 184 170 144 149 137 114 110 102 84 
38 22 12 222 215 201 96 71 46 185 171 153 142 120 97 
237 228 212 40 24 14 105 83 63 190 175 155 152 134 114 
32 24 18 182 136 102 89 65 47 236 216 189 131 99 74 
248 250 250 73 56 43 206 206 204 122 112 100 169 166 160 
46 35 26 92 73 58 196 192 189 163 153 143 128 116 104 
218 209 186 157 131 93 197 181 153 114 73 45 181 160 128 
22 10 6 161 155 149 129 72 40 210 222 220 186 140 106 
29 27 28 152 159 174 81 71 65 128 121 122 160 142 125 
26 16 12 146 136 141 107 86 72 167 167 183 133 114 104 
61 41 31 187 179 169 112 92 73 27 70 100 158 139 116 
47 44 36 194 204 184 134 120 84 197 173 116 151 155 134 
33 31 30 228 210 185 102 82 66 173 156 139 147 126 105 
220 208 195 44 39 34 174 164 160 106 94 84 156 136 120 
244 232 206 54 34 18 212 190 157 160 128 88 195 166 125 
229 230 232 34 17 8 204 177 138 125 95 60 168 136 97 
228 209 187 46 36 26 199 176 150 100 79 58 163 135 104 
31 16 10 122 84 64 224 200 158 166 141 125 143 112 98 
66 43 26 176 152 109 118 85 52 188 172 150 149 117 76 
33 14 9 168 126 97 120 81 56 212 210 210 172 150 144 
177 143 123 81 48 38 140 90 68 196 162 139 226 192 166 
32 17 8 187 161 147 99 66 42 162 129 108 138 104 80 
65 57 46 228 230 219 113 108 93 175 170 155 143 137 123 
42 26 19 88 67 57 185 196 213 148 134 132 116 96 87 
57 50 40 224 222 207 174 12 12 166 153 136 127 112 89 
37 36 19 75 78 54 166 170 164 109 113 93 137 141 132 
62 50 42 224 217 214 100 84 73 171 157 150 139 123 110 
38 31 21 106 81 56 203 200 202 177 166 152 137 119 97 
60 42 32 180 190 209 100 70 53 135 104 90 158 147 154 
42 24 20 114 77 56 209 212 200 148 138 144 132 102 89 
48 37 27 212 200 178 188 167 138 122 103 79 162 139 108 
64 52 50 240 238 219 143 154 170 164 183 206 99 112 129 
35 25 18 74 55 41 200 185 173 131 108 89 100 81 66 
46 40 33 187 176 154 104 90 72 159 146 123 135 122 101 
38 24 19 193 199 190 108 85 72 162 156 152 142 127 121 
54 37 29 202 180 152 96 70 54 138 118 97 172 147 120 
203 194 186 93 63 55 185 173 164 132 112 100 159 143 129 
56 33 19 198 181 158 142 106 69 102 67 42 167 138 103 
232 222 203 56 40 21 207 192 164 182 160 116 144 116 64 
251 251 250 52 34 23 123 93 70 204 194 190 158 130 106 
37 11 5 228 208 186 104 50 25 196 167 137 156 114 76 
52 24 14 136 102 72 179 164 151 159 142 128 151 126 102 
38 35 26 141 129 117 112 94 74 193 192 189 160 162 165 
239 252 252 73 68 52 121 116 92 192 196 182 157 158 138 
46 38 37 162 157 152 114 96 78 199 203 202 136 127 122 
49 25 18 200 198 196 115 91 70 166 154 144 146 115 92 
244 242 240 48 28 22 203 184 173 120 68 56 168 129 98 
232 224 221 63 52 47 126 110 94 187 178 169 163 152 140 
64 39 23 230 222 205 124 84 52 185 164 137 159 129 94 
58 36 21 220 204 189 110 72 43 194 159 129 156 112 75 
55 27 16 208 210 212 134 85 47 168 146 127 157 110 73 
30 26 22 158 166 174 67 58 50 127 132 135 102 102 101 
24 19 15 73 68 52 186 240 250 153 168 159 107 108 93 
62 58 40 233 240 232 110 108 76 180 178 137 150 148 104 
40 16 12 231 229 238 195 151 140 114 60 38 153 100 76 
63 49 32 202 226 234 102 86 70 161 163 159 132 124 112 
40 38 33 189 154 124 97 78 58 138 181 208 108 113 112 
16 10 6 219 199 177 80 58 44 168 141 118 125 96 76 
39 26 22 93 64 43 162 143 125 137 112 90 114 88 68 
112 152 32 201 208 192 48 63 30 178 188 156 142 152 101 
22 17 15 204 196 187 58 45 36 167 155 142 123 111 100 
35 25 22 215 212 210 196 192 188 177 171 163 130 124 116 
208 202 194 44 39 32 170 161 151 96 89 81 143 134 123 
32 11 6 88 54 36 204 198 196 165 137 118 134 93 68 
212 224 237 69 52 44 188 182 181 138 114 96 170 150 134 
218 208 195 39 32 26 196 183 168 91 80 68 172 150 125 
43 32 20 180 138 79 129 130 132 190 208 223 145 100 46 
70 54 34 198 196 199 110 87 60 174 163 151 152 136 116 
37 24 16 197 174 166 111 76 58 178 141 116 156 112 86 
28 25 30 107 70 52 154 149 151 179 183 189 145 113 95 
91 53 42 183 174 177 170 149 142 134 104 88 157 128 108 
248 248 240 86 73 50 209 189 159 180 53 28 181 159 122 
219 214 228 50 43 42 195 176 165 139 112 91 169 145 128 
233 245 250 69 46 32 206 187 175 119 89 70 177 153 138 
29 27 27 121 132 143 158 166 179 79 77 77 107 106 108 
36 30 37 130 106 90 173 159 151 182 183 191 162 138 119 
226 191 157 86 47 26 151 101 65 247 232 214 206 155 104 
22 5 4 187 172 170 79 53 47 152 130 130 121 95 91 
40 28 19 239 230 208 98 74 56 184 159 135 142 119 102 
41 40 34 140 122 119 171 166 180 108 79 64 156 146 157 
36 22 14 198 175 152 90 60 40 169 136 104 132 98 69 
211 207 188 52 36 18 146 126 70 197 188 162 173 158 120 
18 13 11 214 211 213 184 175 170 96 83 74 150 135 125 
246 246 246 30 24 28 204 200 203 99 80 78 162 148 147 
43 34 31 247 233 206 145 111 84 193 160 128 111 79 55 
44 36 31 222 224 224 91 76 66 178 173 169 146 130 117 
18 16 12 216 247 252 86 66 50 176 179 184 122 111 102 
50 42 30 103 92 71 252 230 174 179 176 162 144 140 124 
248 244 226 56 39 31 174 156 147 123 91 71 145 122 111 
225 199 169 43 23 8 120 56 30 181 128 74 207 169 111 
60 52 37 234 236 230 136 122 88 193 194 178 167 164 141 
43 36 26 87 74 57 242 248 245 156 137 114 117 101 80 
54 36 23 204 192 186 112 88 66 177 160 148 148 129 112 
45 32 25 233 232 242 92 69 53 176 158 142 142 122 101 
226 220 209 47 36 28 192 174 147 108 88 68 154 132 102 
240 240 240 26 27 36 109 110 109 178 178 176 149 148 147 
44 30 20 183 156 142 122 90 70 216 197 184 159 127 111 
35 30 26 227 230 228 168 156 148 102 90 84 146 128 117 
34 32 29 242 237 223 185 176 163 88 81 70 156 141 122 
215 203 182 74 64 37 182 168 154 124 111 88 159 143 128 
206 174 146 102 72 56 214 208 212 160 122 95 196 158 124 
224 217 208 52 33 25 114 84 64 207 181 148 152 128 106 
46 23 12 200 211 221 90 71 60 167 158 144 127 115 107 
27 14 12 244 248 240 94 71 60 181 188 196 146 134 120 
220 210 204 27 21 19 202 186 173 111 87 73 183 161 138 
51 12 3 212 190 165 83 33 7 174 136 98 139 92 55 
30 14 10 91 62 42 143 104 70 190 206 216 158 139 128 
42 32 26 214 192 153 89 71 58 150 143 139 137 110 84 
23 12 7 228 212 169 127 92 48 176 157 134 156 128 84 
134 82 39 160 115 72 218 216 218 74 37 13 180 140 103 
34 28 18 88 72 50 187 177 156 148 136 114 128 108 79 
36 23 15 212 218 215 90 78 64 164 162 151 124 117 104 
53 26 15 185 157 117 104 77 51 201 199 191 163 128 86 
233 216 205 53 30 22 207 176 155 130 88 60 180 143 116 
248 230 209 71 35 18 220 190 161 136 81 42 193 154 112 
250 244 238 72 29 7 218 189 162 124 75 46 176 136 101 
44 36 30 244 238 228 192 164 140 99 76 60 140 114 94 
48 18 8 238 230 226 110 70 41 190 164 143 172 140 109 
26 18 9 208 190 165 109 80 51 174 148 115 148 118 84 
56 40 24 190 184 170 122 95 61 169 154 128 144 120 84 
27 21 16 66 57 46 142 150 152 106 96 79 124 122 112 
214 221 221 62 62 32 191 186 173 140 127 104 176 166 146 
56 28 18 198 206 218 106 68 50 144 107 79 174 144 111 
64 52 37 181 172 149 121 101 73 161 154 135 145 127 96 
19 15 11 64 50 40 230 206 174 164 132 105 121 86 60 
233 214 178 88 56 22 160 130 76 203 178 137 188 160 108 
14 10 8 206 176 176 160 109 74 86 55 45 186 142 115 
55 29 10 251 246 230 108 62 21 209 160 96 158 105 54 
28 14 8 212 205 193 76 56 39 177 162 142 134 113 88 
250 250 248 50 44 32 216 211 198 111 102 86 185 172 148 
8 4 4 110 88 64 188 188 180 57 40 28 146 140 130 
29 20 14 68 52 41 195 174 157 145 123 107 110 82 62 
31 27 23 222 211 186 82 70 59 172 154 132 133 116 98 
73 41 22 221 205 191 186 158 133 132 99 72 167 130 99 
45 21 12 108 59 33 194 184 164 126 101 78 161 133 102 
207 204 196 50 40 32 185 174 155 137 115 88 160 144 122 
234 217 190 46 34 26 190 167 138 106 85 64 150 121 90 
229 235 234 37 28 18 199 198 186 128 114 88 164 157 136 
36 30 23 73 62 46 156 164 156 136 137 122 119 108 83 
237 224 210 33 17 9 221 189 147 128 84 49 197 155 104 
44 25 19 102 68 49 178 182 193 130 108 99 160 145 140 
34 23 16 144 136 121 88 70 52 214 222 226 119 106 87 
54 30 16 214 202 167 107 79 48 165 158 135 135 118 89 
89 44 17 218 216 209 180 138 99 177 158 144 144 100 66 
17 11 9 177 177 176 60 44 34 118 102 88 154 144 131 
44 30 20 220 223 220 127 104 78 198 194 180 162 150 128 
49 21 9 211 190 167 94 48 22 181 144 99 138 94 54 
60 41 42 202 192 184 173 158 152 109 92 79 145 126 109 
250 250 249 232 215 184 62 52 46 193 173 150 147 118 92 
96 71 51 238 228 218 147 114 84 174 182 188 142 141 140 
49 16 5 211 188 173 100 55 12 143 110 78 177 145 118 
42 32 24 206 201 197 97 82 73 182 172 162 157 142 129 
230 229 230 67 48 36 126 103 86 191 179 172 164 149 142 
208 213 223 70 62 54 125 112 106 162 156 160 104 139 168 
234 212 186 22 17 12 184 160 141 64 49 36 123 100 82 
37 22 16 248 254 250 97 74 57 190 198 209 166 162 159 
251 252 241 72 50 18 214 204 177 193 179 142 140 118 74 
41 30 23 87 67 54 182 170 163 118 100 87 145 128 116 
42 22 6 207 188 156 100 64 31 182 151 113 151 118 79 
201 159 110 77 66 53 174 182 190 113 109 107 175 138 92 
55 36 11 249 247 229 106 86 48 200 185 149 172 152 102 
206 193 174 145 110 78 203 174 143 106 68 40 172 141 112 
53 38 30 230 230 230 118 96 73 188 182 172 158 147 131 
44 29 26 194 196 198 115 96 90 176 171 168 162 139 120 
43 32 21 225 227 217 111 88 58 195 174 133 170 145 100 
54 40 27 216 219 222 100 82 61 136 127 107 160 158 150 
42 22 14 224 236 237 88 73 56 133 120 97 174 171 156 
36 24 12 243 242 226 198 185 150 111 84 32 157 135 90 
179 120 22 223 215 194 176 158 127 51 35 16 106 76 38 
216 198 169 212 183 130 114 79 40 231 216 190 172 139 89 
68 52 41 200 193 182 114 94 74 169 159 149 146 134 122 
54 37 16 250 248 229 198 185 152 164 146 102 117 90 48 
232 217 171 4 4 4 205 182 134 90 72 42 168 145 97 
46 32 19 99 84 70 148 152 174 205 201 196 139 131 128 
200 188 173 38 31 24 109 96 81 176 164 148 173 136 94 
12 15 22 218 216 204 87 73 56 165 162 155 127 122 112 
58 28 19 200 200 208 184 173 175 113 76 59 160 137 124 
247 230 207 89 40 12 187 146 108 152 109 73 213 180 149 
38 27 18 214 222 217 89 78 63 154 151 137 119 112 97 
51 29 20 194 183 164 118 97 77 184 160 127 158 138 114 
228 214 205 49 24 16 207 173 139 120 83 64 173 135 106 
38 34 15 83 68 37 155 165 156 133 135 118 124 111 74 
43 33 32 244 246 246 102 75 62 137 118 108 150 145 144 
52 42 36 160 150 142 115 96 80 200 176 145 146 127 109 
25 23 20 70 60 48 146 153 157 114 101 84 125 124 121 
227 222 210 80 64 35 205 190 171 140 122 97 191 163 121 
31 12 6 88 54 29 224 196 156 157 122 86 120 84 52 
60 37 20 104 83 56 228 234 228 172 172 155 153 141 110 
57 52 30 193 188 158 124 113 72 176 169 127 153 144 97 
65 50 34 234 232 217 143 123 93 189 175 151 166 149 122 
44 26 20 162 145 159 92 72 66 186 176 197 144 122 131 
131 92 54 230 230 228 162 128 96 183 160 144 89 50 20 
165 140 110 85 64 46 182 181 196 160 147 148 134 108 81 
240 228 217 13 9 8 199 177 153 111 83 56 170 142 110 
243 214 176 52 40 32 136 102 67 191 162 140 173 139 112 
46 37 22 174 159 142 99 77 53 196 188 182 144 123 98 
98 55 24 50 18 6 190 163 128 176 144 104 158 113 57 
40 26 14 232 236 219 103 68 41 164 162 156 133 112 92 
46 26 18 237 228 207 186 155 133 127 82 47 168 119 77 
210 208 212 26 24 16 182 173 172 116 98 83 155 141 132 
55 33 22 231 200 147 106 79 55 187 157 120 159 126 88 
66 40 21 208 191 178 128 90 61 184 158 140 162 132 107 
116 90 46 240 240 226 151 126 77 193 176 124 49 33 20 
48 39 24 202 194 176 96 77 54 162 150 132 132 113 86 
54 24 12 234 230 217 114 89 59 188 171 137 165 139 94 
55 42 29 190 212 215 104 81 58 162 159 149 130 114 96 
218 205 186 54 32 18 113 68 38 200 172 136 158 121 84 
12 8 4 176 150 107 157 129 76 104 70 37 196 176 142 
192 176 154 76 53 34 222 214 196 138 112 81 170 152 126 
47 19 14 130 98 65 210 213 216 189 174 147 164 140 108 
232 227 205 68 56 38 192 177 143 128 108 76 162 139 98 
213 201 177 62 48 33 134 108 78 192 174 146 172 148 117 
21 16 14 196 160 133 68 59 51 173 134 99 150 106 70 
160 129 82 216 200 173 171 151 122 72 46 21 136 98 51 
68 43 29 226 210 180 114 83 59 161 134 110 142 111 86 
69 50 30 197 192 189 118 96 68 178 157 128 148 126 98 
54 24 14 108 78 54 161 176 182 172 115 58 141 133 122 
43 32 26 196 177 157 118 88 62 165 145 133 143 121 106 
35 23 16 203 188 156 119 96 60 183 165 130 158 137 99 
236 234 224 64 54 44 187 180 163 127 113 90 162 150 125 
58 44 30 233 246 249 118 98 73 189 185 173 156 140 116 
43 27 18 232 225 225 94 67 49 183 169 167 137 111 95 
155 106 68 248 250 250 75 66 68 134 134 159 173 150 145 
8 4 0 110 80 51 196 190 184 165 154 147 144 124 104 
38 28 16 238 237 238 94 67 43 173 150 127 148 114 78 
41 22 16 193 229 249 192 155 131 82 67 61 159 163 186 
64 44 25 194 181 161 127 102 68 166 151 126 150 128 98 
46 33 27 210 210 197 173 170 162 154 140 126 190 164 131 
49 37 25 108 85 57 204 220 228 180 169 156 151 132 110 
73 46 20 220 214 196 144 110 62 182 167 142 156 132 98 
32 14 8 80 52 36 186 155 116 196 192 183 131 100 75 
16 14 11 224 214 198 185 177 168 102 88 78 158 149 139 
86 62 42 194 175 145 167 144 113 128 101 68 146 121 92 
200 199 214 4 4 9 172 166 177 105 85 83 137 124 131 
49 34 20 209 220 218 160 128 82 198 173 127 111 78 42 
88 58 28 154 120 88 208 184 163 175 147 124 119 89 62 
57 33 18 220 206 176 106 70 42 174 152 117 142 118 84 
98 61 28 183 133 54 27 9 4 40 140 230 184 163 130 
244 243 230 63 54 32 213 198 164 175 154 112 133 112 73 
40 31 25 203 193 190 77 61 53 161 140 128 121 102 88 
233 246 252 60 46 39 173 168 184 90 73 66 159 128 110 
80 60 42 157 158 157 125 104 80 224 192 92 140 127 112 
141 100 55 211 176 124 246 250 254 78 48 22 180 133 79 
206 184 137 61 38 29 129 95 54 220 214 186 200 160 92 
34 19 13 194 179 164 94 67 44 153 122 84 189 159 119 
38 14 5 238 232 210 124 83 44 196 173 149 169 136 95 
54 38 20 118 88 50 207 190 121 149 144 140 137 117 81 
237 226 211 70 46 38 205 188 171 136 106 85 170 146 123 
58 34 22 176 160 138 100 86 66 186 187 189 150 122 92 
217 214 220 16 20 8 198 177 158 105 83 64 162 133 105 
46 22 13 212 184 150 147 112 94 119 73 47 174 143 122 
14 12 10 199 192 186 86 72 59 173 165 158 144 133 123 
80 58 34 230 216 181 129 107 77 185 166 136 155 137 110 
216 225 221 30 30 24 91 84 64 157 158 132 193 201 191 
200 196 192 62 58 47 184 172 150 137 152 160 140 120 93 
74 50 31 206 192 167 124 96 67 180 157 125 158 128 92 
240 232 222 82 56 28 196 177 152 133 104 70 170 145 111 
216 217 212 131 96 55 164 131 88 196 168 124 99 68 36 
75 52 34 233 232 227 145 121 79 191 181 163 168 148 110 
62 36 26 188 152 123 120 80 59 216 196 173 148 109 88 
23 15 9 92 65 41 199 191 176 165 146 112 133 107 73 
77 58 46 232 235 244 172 169 178 114 105 103 143 135 137 
233 230 220 84 51 30 206 188 166 156 120 83 186 158 126 
68 46 18 218 211 198 184 156 113 205 184 152 170 127 74 
79 56 24 236 238 228 134 124 77 175 171 142 153 147 113 
70 45 30 190 177 168 114 94 80 176 157 144 153 136 124 
27 29 24 179 185 181 72 75 70 138 142 136 123 123 115 
156 120 76 205 168 100 223 236 241 118 81 41 166 140 106 
185 199 200 91 91 86 155 166 165 121 124 109 140 148 142 
48 31 24 208 200 194 104 81 70 157 139 134 132 108 98 
27 18 13 104 78 53 198 193 186 170 158 140 142 127 106 
77 70 50 195 213 216 120 116 89 174 187 173 143 150 133 
8 4 0 88 57 36 182 161 146 161 130 106 132 97 68 
34 21 12 200 182 156 76 54 37 121 96 72 142 121 102 
58 51 39 194 177 149 114 94 71 154 144 130 131 119 104 
58 30 15 194 156 129 136 89 46 174 191 207 171 123 80 
63 50 40 214 216 219 102 86 72 173 163 156 145 130 118 
57 34 20 111 77 47 189 188 184 175 160 140 158 128 98 
200 198 205 80 58 48 175 165 162 125 96 68 148 133 125 
56 37 30 234 238 238 83 70 65 151 139 132 116 102 94 
27 24 15 214 208 187 100 71 43 162 146 120 135 107 68 
205 191 169 46 41 34 106 94 78 155 147 138 133 121 105 
235 220 201 60 39 25 195 170 151 137 102 72 165 136 110 
73 45 14 165 148 118 121 87 44 187 180 164 135 116 94 
64 42 23 221 209 200 120 92 63 188 168 148 155 130 102 
248 243 238 214 184 145 120 88 53 220 204 185 176 141 106 
223 224 209 68 53 31 155 131 85 200 192 158 176 161 119 
42 23 9 100 72 35 203 209 208 168 168 161 136 123 98 
246 235 223 26 14 5 131 90 62 190 167 156 167 141 124 
39 15 8 233 213 181 105 65 35 180 147 107 145 106 67 
58 33 20 209 204 192 111 78 54 186 163 133 154 121 89 
236 218 182 94 52 29 208 188 159 148 110 72 187 158 117 
35 20 12 225 216 204 116 88 64 196 175 154 172 139 102 
236 228 218 223 205 188 139 90 59 183 136 95 218 173 121 
41 32 23 189 175 144 125 104 70 240 230 198 163 144 102 
240 242 240 40 34 32 90 79 75 208 206 200 140 130 126 
91 55 34 228 223 218 186 153 133 137 96 69 170 124 92 
63 47 33 191 172 144 117 97 71 155 141 124 140 123 100 
47 30 16 236 224 208 113 82 52 174 149 121 144 115 84 
37 28 21 236 232 220 65 59 53 149 144 138 116 105 95 
249 252 248 35 22 15 209 196 173 125 97 63 176 153 120 
35 20 12 225 216 204 116 88 64 196 175 154 172 139 102 
250 236 196 60 31 16 232 195 157 129 89 60 191 152 120 
192 175 144 79 66 48 131 115 92 199 189 170 166 148 118 
209 218 234 50 29 16 120 92 71 177 168 169 149 131 119 
18 10 4 226 244 249 79 59 39 162 158 159 118 103 90 
10 10 8 87 81 68 178 180 176 152 151 149 138 129 116 
186 158 121 42 29 19 106 81 55 214 191 156 144 116 80 
44 28 16 101 74 56 216 216 216 140 129 119 176 171 168 
37 26 20 236 208 94 118 96 72 160 158 152 146 132 114 
40 24 13 87 61 36 198 178 151 142 126 108 121 97 71 
208 216 232 79 55 41 117 93 79 148 140 139 179 178 186 
232 233 231 106 76 43 198 160 100 176 174 159 145 131 102 
206 192 167 61 48 34 183 166 137 105 87 64 151 132 104 
228 224 216 28 16 10 193 178 171 136 102 66 175 147 121 
220 212 196 176 146 115 48 34 32 206 179 144 151 124 96 
193 214 226 29 28 24 176 191 192 125 122 104 149 157 152 
244 248 246 15 14 14 210 192 175 179 162 149 79 70 66 
149 110 68 211 211 194 184 163 129 92 67 40 168 139 99 
101 79 57 182 174 165 143 125 97 157 146 132 169 145 107 
236 226 197 67 52 40 184 168 152 136 114 92 164 144 125 
65 28 13 206 191 183 114 68 38 183 150 121 154 110 74 
229 216 178 37 11 5 91 64 39 191 162 118 140 114 80 
54 31 16 232 232 224 101 64 32 201 183 141 163 132 78 
41 18 9 102 69 52 208 210 209 182 159 142 160 120 82 
33 22 16 215 214 220 106 95 84 79 64 50 141 130 121 
235 228 202 44 16 7 108 80 52 216 193 149 178 149 107 
211 196 183 37 25 16 193 173 152 91 74 56 151 129 104 
218 196 172 34 18 14 183 162 145 108 85 71 156 130 108 
72 44 28 225 221 218 122 92 66 187 178 164 156 141 119 
243 230 203 82 30 12 229 206 152 160 113 49 202 169 101 
73 36 22 196 188 179 123 74 47 166 149 135 152 116 87 
248 246 244 83 48 32 201 175 163 128 86 66 172 135 114 
44 29 19 70 52 38 166 137 110 89 74 59 110 104 89 
71 35 17 112 75 39 238 235 232 174 146 104 143 109 67 
67 26 9 237 223 197 153 94 38 217 192 142 194 153 81 
24 4 4 72 44 25 200 182 165 164 134 110 125 87 54 
57 37 27 208 204 192 99 77 64 178 168 146 141 126 108 
56 35 23 246 248 249 100 73 51 194 181 168 160 137 117 
52 29 15 104 85 51 184 177 163 169 152 123 139 122 86 
121 77 50 196 186 176 161 115 82 68 34 20 170 151 134 
220 201 178 91 62 37 199 175 144 137 107 73 186 160 126 
49 21 9 211 190 167 94 48 22 181 144 99 138 94 54 
68 45 30 231 229 223 133 104 69 178 167 150 155 136 109 
69 37 19 213 204 188 129 89 48 194 173 133 167 138 92 
19 12 8 223 235 242 77 39 24 190 168 152 155 110 74 
58 36 24 170 168 185 153 92 54 222 214 203 149 140 146 
61 23 10 101 64 42 193 162 129 136 98 70 144 124 130 
249 246 250 70 43 30 196 176 168 128 100 84 166 140 128 
17 16 4 69 50 24 164 136 90 197 174 138 112 88 51 
38 22 19 252 254 250 164 86 53 97 50 37 193 159 129 
60 27 13 195 163 108 117 79 38 220 196 156 158 122 71 
45 27 20 197 176 172 87 64 53 161 132 119 129 99 84 
22 10 6 220 207 179 97 62 30 200 174 117 154 118 58 
77 39 24 210 201 194 126 77 54 183 165 149 165 128 96 
44 26 14 100 66 44 127 101 82 165 161 172 147 129 116 
54 37 18 225 226 224 109 94 68 182 179 168 144 134 113 
30 17 4 84 39 10 215 163 100 127 70 23 165 106 49 
39 29 25 111 82 62 135 198 224 194 159 88 156 152 148 
24 23 20 215 210 202 82 72 59 186 177 166 140 129 112 
38 25 17 108 76 53 220 212 192 161 148 127 128 110 88 
70 34 14 254 252 250 230 209 161 182 140 84 154 88 33 
8 6 6 239 241 242 49 30 26 114 99 87 158 152 140 
60 34 24 194 177 160 93 62 47 132 100 78 167 138 112 
32 25 22 216 207 195 93 78 68 176 152 131 130 112 99 
26 11 5 220 196 168 96 45 14 189 154 118 160 116 75 
35 18 13 232 219 220 83 54 39 188 161 151 132 98 78 
38 33 30 212 214 218 160 158 149 96 98 86 123 122 109 
70 33 17 226 221 218 120 73 44 176 154 135 146 111 80 
22 14 9 250 248 244 103 80 51 206 181 144 169 141 102 
32 23 24 193 189 190 80 71 62 159 151 152 128 117 112 
49 38 33 230 232 234 104 87 74 185 181 182 160 144 129 
53 26 15 104 86 64 174 179 178 129 119 104 150 149 141 
217 213 208 39 21 14 191 176 166 112 78 56 168 140 116 
57 33 24 240 240 240 120 94 80 197 192 188 154 140 133 
61 32 18 164 148 108 106 72 44 198 194 180 143 120 79 
53 32 18 238 232 226 174 138 82 188 175 160 108 86 59 
28 21 18 221 210 190 112 86 71 173 161 149 148 137 123 
30 24 18 233 228 222 70 58 44 176 163 148 123 102 79 
45 33 30 192 189 194 103 88 78 173 166 164 145 133 131 
29 15 6 226 216 194 105 73 32 204 180 131 160 123 59 
33 23 20 201 197 193 100 83 69 169 162 157 140 125 108 
12 4 2 61 40 23 225 216 200 155 130 102 119 94 68 
36 24 15 87 66 45 170 167 158 142 136 118 116 102 78 
241 249 249 76 58 32 193 190 181 133 115 81 175 160 136 
59 41 25 176 155 117 106 75 43 222 220 218 147 115 70 
251 252 252 38 19 14 213 194 182 104 68 57 178 140 120 
72 47 30 248 250 250 200 188 147 189 154 70 151 112 55 
55 30 16 224 220 212 110 84 53 189 179 156 157 131 89 
44 23 11 244 244 232 214 195 144 100 66 30 153 124 68 
43 28 17 85 69 46 171 166 158 140 136 115 115 106 81 
215 215 219 45 38 36 118 107 101 189 186 192 160 149 144 
35 8 5 232 234 230 90 46 15 206 181 120 154 117 60 
38 35 39 220 218 212 93 66 50 179 167 159 145 124 110 
79 35 16 126 79 46 161 116 75 216 197 156 194 148 97 
243 245 236 88 28 28 220 209 193 137 89 68 194 154 124 
51 31 18 190 171 140 102 68 40 235 228 194 152 123 87 
70 46 17 217 207 163 186 172 123 128 111 52 162 144 89 
61 41 29 209 187 155 116 86 60 172 148 122 145 117 89 
78 62 50 196 197 192 110 101 87 173 168 155 136 130 118 
68 44 29 114 86 61 184 180 193 164 149 148 151 124 104 
21 16 17 202 215 224 78 70 67 165 157 154 123 114 110 
57 38 24 110 90 66 192 202 206 165 160 148 140 121 98 
23 17 14 245 239 223 84 70 59 176 159 139 127 112 96 
22 14 10 188 190 185 54 44 33 156 139 118 102 88 73 
39 23 15 235 233 230 96 64 41 204 180 142 153 116 78 
53 33 21 212 218 220 97 75 52 166 142 117 133 111 86 
30 20 17 228 220 200 177 163 143 74 67 63 151 135 115 
38 28 21 239 246 248 94 80 65 187 190 181 150 139 127 
76 46 24 222 237 238 131 95 53 181 171 149 157 132 92 
56 48 38 193 193 190 97 89 77 167 162 152 142 130 110 
226 217 178 141 110 55 200 181 127 78 59 29 180 155 98 
72 49 27 113 93 71 178 183 174 137 130 113 153 152 137 
241 240 236 60 43 34 127 108 91 204 195 183 161 146 129 
52 42 24 230 236 236 93 124 73 174 186 184 160 137 93 
22 16 6 197 168 48 209 188 108 95 63 23 143 112 50 
240 226 184 62 19 7 219 193 148 121 88 56 188 154 111 
39 40 31 248 248 246 119 104 75 196 188 178 165 155 141 
232 222 211 51 26 16 208 193 176 134 104 72 175 152 121 
32 19 13 83 71 59 172 178 181 136 136 133 113 106 97 
32 19 13 83 71 59 172 178 181 136 136 133 113 106 97 
45 19 15 251 252 252 101 73 60 150 129 115 188 182 176 
46 32 17 232 236 242 148 120 79 203 184 140 181 156 114 
252 250 248 62 42 31 206 186 165 147 107 77 182 148 115 
61 28 15 222 212 208 106 58 36 175 141 122 141 95 72 
12 8 8 218 234 238 186 170 160 82 48 41 126 98 98 
56 46 34 218 217 200 130 122 107 170 166 155 154 148 136 
236 232 226 41 32 30 192 190 190 172 167 163 120 114 108 
35 31 28 198 198 209 81 70 64 177 172 174 144 129 116 
32 29 32 181 189 201 102 81 70 151 155 164 132 118 114 
31 29 25 222 214 201 89 81 68 174 167 153 134 125 111 
26 17 15 65 56 54 188 200 212 122 72 42 132 123 125 
31 21 20 90 69 57 137 84 50 167 171 180 132 119 116 
59 38 28 112 89 71 183 174 167 172 157 140 146 129 108 
58 32 22 137 120 99 183 165 145 104 84 66 158 142 120 
12 8 6 218 208 202 72 55 43 174 153 140 138 112 90 
228 220 202 106 59 34 214 195 158 166 119 77 198 164 119 
30 10 7 203 185 173 155 119 87 91 61 47 177 150 126 
51 27 11 224 187 110 113 75 33 154 113 59 173 138 85 
25 14 8 196 206 202 57 46 37 96 84 75 132 126 120 
40 17 7 78 46 29 152 137 124 205 218 222 110 83 62 
60 35 18 216 193 148 129 99 64 165 156 137 179 150 98 
55 34 20 225 225 231 101 73 52 166 150 141 140 113 92 
228 225 212 28 24 20 196 191 174 114 96 70 174 161 128 
21 8 4 104 58 35 211 194 178 167 146 133 140 115 99 
56 32 22 209 196 191 125 95 77 181 163 157 164 142 131 
10 5 4 218 207 194 81 82 67 175 171 170 153 138 125 
55 38 26 182 152 115 105 76 51 196 181 170 148 115 81 
67 40 33 222 222 231 195 182 178 122 93 81 172 152 141 
36 24 14 198 190 174 96 73 49 189 167 132 146 127 97 
54 40 32 216 207 188 95 73 54 170 150 122 131 106 79 
41 33 28 231 236 240 86 69 58 165 153 140 122 103 87 
62 40 22 228 222 222 119 90 56 190 178 166 144 125 107 
4 4 1 222 220 207 70 64 51 172 165 153 117 114 99 
27 16 11 82 57 44 119 92 76 236 238 236 154 132 118 
60 34 15 100 81 54 216 210 196 174 156 130 154 130 97 
232 207 183 49 14 8 136 78 56 161 135 128 215 169 119 
48 16 8 202 188 167 141 114 88 97 57 33 173 154 133 
49 33 23 101 76 59 235 238 246 174 159 149 139 116 104 
42 25 21 223 207 190 93 55 36 123 87 67 159 127 107 
75 43 22 221 216 216 199 184 166 129 93 57 182 155 116 
38 28 18 212 200 190 102 75 51 189 169 144 157 130 101 
50 19 13 132 69 41 202 196 191 180 145 112 158 104 65 
27 18 13 116 94 78 170 165 162 74 51 36 150 134 121 
46 29 22 176 160 145 213 240 248 104 78 60 148 123 99 
28 18 18 251 252 252 73 58 53 162 157 156 116 99 93 
219 208 179 63 47 30 193 184 151 167 152 102 137 108 59 
68 27 13 201 185 162 110 63 40 177 153 123 151 120 89 
40 20 12 87 63 44 189 178 167 129 111 95 160 146 134 
57 38 31 232 216 193 133 105 68 194 177 157 168 145 119 
26 11 6 74 44 24 232 224 204 166 148 123 136 110 83 
30 14 6 90 68 38 226 242 240 153 161 143 122 118 91 
33 20 17 192 186 188 79 68 62 125 111 101 154 143 137 
32 20 15 203 179 150 75 59 46 145 126 108 115 96 77 
71 41 21 229 221 188 114 87 54 184 165 118 150 126 84 
17 12 7 60 48 33 188 177 162 135 126 114 92 79 60 
37 22 15 91 68 52 236 236 236 148 133 128 126 104 91 
232 206 178 54 18 12 120 64 50 171 127 119 212 167 122 
212 200 188 52 29 29 187 168 144 91 63 59 135 115 103 
44 37 23 222 216 207 104 90 76 185 173 166 160 140 121 
12 8 4 228 209 174 68 46 30 173 160 139 129 115 93 
35 13 6 85 52 24 152 120 84 180 164 142 136 102 64 
42 34 26 227 216 197 184 172 151 126 110 85 160 143 117 
38 20 11 228 224 214 108 68 35 196 180 154 177 141 86 
240 230 220 44 31 22 217 184 146 116 91 68 163 131 100 
37 15 9 235 221 208 103 69 41 161 130 105 190 161 132 
42 29 22 217 201 178 113 86 62 187 159 127 148 118 88 
19 13 9 61 50 41 148 138 129 120 108 93 91 79 68 
20 8 4 61 37 24 163 143 112 200 183 160 127 96 66 
19 27 26 117 93 70 177 172 154 91 54 29 141 134 116 
57 26 6 234 219 185 124 90 46 196 173 135 168 141 104 
41 27 17 112 78 47 234 214 180 184 165 142 156 126 89 
90 43 20 197 198 191 132 98 64 186 167 144 167 130 86 
56 14 7 127 70 32 182 180 165 227 234 226 188 125 34 
50 33 25 220 202 188 99 79 63 176 160 150 149 128 108 
15 12 8 242 244 240 190 185 162 72 60 47 113 120 106 
26 22 12 212 210 185 109 92 53 188 175 131 166 149 101 
36 24 14 198 190 174 96 73 49 189 167 132 146 127 97 
26 14 8 84 60 42 150 128 109 204 193 178 121 95 74 
73 16 5 233 208 181 102 50 24 200 158 123 160 110 76 
61 28 6 236 230 219 115 68 21 195 166 114 163 128 71 
38 26 21 226 217 208 90 70 59 167 157 156 137 114 97 
35 5 3 232 238 241 99 68 38 178 166 156 158 130 94 
